100 93
0.000000e+00 0.000000e+00 0.000000e+00 2.000000e-01
1.800000e+00 0.000000e+00 0.000000e+00 2.000000e-01
3.600000e+00 0.000000e+00 0.000000e+00 2.000000e-01
5.400000e+00 0.000000e+00 0.000000e+00 2.000000e-01
7.200000e+00 0.000000e+00 0.000000e+00 2.000000e-01
9.000000e+00 0.000000e+00 0.000000e+00 2.000000e-01
1.080000e+01 0.000000e+00 0.000000e+00 2.000000e-01
1.260000e+01 0.000000e+00 0.000000e+00 2.000000e-01
1.440000e+01 0.000000e+00 0.000000e+00 2.000000e-01
1.620000e+01 0.000000e+00 0.000000e+00 2.000000e-01
1.800000e+01 0.000000e+00 0.000000e+00 2.000000e-01
1.980000e+01 0.000000e+00 0.000000e+00 2.000000e-01
2.160000e+01 0.000000e+00 0.000000e+00 2.000000e-01
2.340000e+01 0.000000e+00 0.000000e+00 2.000000e-01
2.520000e+01 0.000000e+00 0.000000e+00 2.000000e-01
2.700000e+01 0.000000e+00 0.000000e+00 2.000000e-01
2.880000e+01 0.000000e+00 0.000000e+00 2.000000e-01
3.060000e+01 0.000000e+00 0.000000e+00 2.000000e-01
3.240000e+01 0.000000e+00 0.000000e+00 2.000000e-01
3.420000e+01 0.000000e+00 0.000000e+00 2.000000e-01
3.547279e+01 1.272792e+00 0.000000e+00 2.000000e-01
3.674558e+01 2.545584e+00 0.000000e+00 2.000000e-01
3.801838e+01 3.818377e+00 0.000000e+00 2.000000e-01
3.929117e+01 5.091169e+00 0.000000e+00 2.000000e-01
4.056396e+01 6.363961e+00 0.000000e+00 2.000000e-01
4.183675e+01 7.636753e+00 0.000000e+00 2.000000e-01
4.310955e+01 8.909545e+00 0.000000e+00 2.000000e-01
4.438234e+01 1.018234e+01 0.000000e+00 2.000000e-01
4.565513e+01 1.145513e+01 0.000000e+00 2.000000e-01
4.692792e+01 1.272792e+01 0.000000e+00 2.000000e-01
4.820071e+01 1.400071e+01 0.000000e+00 1.000000e-05
4.947351e+01 1.527351e+01 0.000000e+00 1.000000e-05
5.074630e+01 1.654630e+01 0.000000e+00 1.000000e-05
5.201909e+01 1.781909e+01 0.000000e+00 1.000000e-05
5.329188e+01 1.909188e+01 0.000000e+00 1.000000e-05
5.456468e+01 2.036468e+01 0.000000e+00 1.000000e-05
5.583747e+01 2.163747e+01 0.000000e+00 1.000000e-05
5.711026e+01 2.291026e+01 0.000000e+00 1.000000e-05
5.838305e+01 2.418305e+01 0.000000e+00 1.000000e-05
5.965584e+01 2.545584e+01 0.000000e+00 1.000000e-05
3.727279e+01 -1.272792e+00 0.000000e+00 2.000000e-01
3.854558e+01 -2.545584e+00 0.000000e+00 2.000000e-01
3.981838e+01 -3.818377e+00 0.000000e+00 2.000000e-01
4.109117e+01 -5.091169e+00 0.000000e+00 2.000000e-01
4.236396e+01 -6.363961e+00 0.000000e+00 2.000000e-01
4.363675e+01 -7.636753e+00 0.000000e+00 2.000000e-01
4.490955e+01 -8.909545e+00 0.000000e+00 2.000000e-01
4.618234e+01 -1.018234e+01 0.000000e+00 2.000000e-01
4.745513e+01 -1.145513e+01 0.000000e+00 2.000000e-01
4.872792e+01 -1.272792e+01 0.000000e+00 2.000000e-01
5.000071e+01 -1.400071e+01 0.000000e+00 2.000000e-01
5.127351e+01 -1.527351e+01 0.000000e+00 2.000000e-01
5.254630e+01 -1.654630e+01 0.000000e+00 2.000000e-01
5.381909e+01 -1.781909e+01 0.000000e+00 2.000000e-01
5.509188e+01 -1.909188e+01 0.000000e+00 2.000000e-01
5.636468e+01 -2.036468e+01 0.000000e+00 2.000000e-01
5.763747e+01 -2.163747e+01 0.000000e+00 2.000000e-01
5.891026e+01 -2.291026e+01 0.000000e+00 2.000000e-01
6.018305e+01 -2.418305e+01 0.000000e+00 2.000000e-01
6.145584e+01 -2.545584e+01 0.000000e+00 2.000000e-01
5.763747e+01 -1.972828e+01 0.000000e+00 3.333333e-03
5.763747e+01 -1.845549e+01 0.000000e+00 3.333333e-03
5.763747e+01 -1.718269e+01 0.000000e+00 3.333333e-03
5.763747e+01 -1.590990e+01 0.000000e+00 3.333333e-03
5.763747e+01 -1.463711e+01 0.000000e+00 3.333333e-03
5.763747e+01 -1.336432e+01 0.000000e+00 3.333333e-03
5.763747e+01 -1.209153e+01 0.000000e+00 3.333333e-03
5.763747e+01 -1.081873e+01 0.000000e+00 3.333333e-03
5.763747e+01 -9.545942e+00 0.000000e+00 3.333333e-03
5.763747e+01 -8.273149e+00 0.000000e+00 3.333333e-03
5.763747e+01 -7.000357e+00 0.000000e+00 3.333333e-03
5.763747e+01 -5.727565e+00 0.000000e+00 3.333333e-03
5.763747e+01 -4.454773e+00 0.000000e+00 3.333333e-03
5.763747e+01 -3.181981e+00 0.000000e+00 3.333333e-03
5.763747e+01 -1.909188e+00 0.000000e+00 3.333333e-03
5.763747e+01 -6.363961e-01 0.000000e+00 3.333333e-03
5.763747e+01 6.363961e-01 0.000000e+00 3.333333e-03
5.763747e+01 1.909188e+00 0.000000e+00 3.333333e-03
5.763747e+01 3.181981e+00 0.000000e+00 3.333333e-03
5.763747e+01 4.454773e+00 0.000000e+00 3.333333e-03
5.763747e+01 5.727565e+00 0.000000e+00 3.333333e-03
5.763747e+01 7.000357e+00 0.000000e+00 3.333333e-03
5.763747e+01 8.273149e+00 0.000000e+00 3.333333e-03
5.763747e+01 9.545942e+00 0.000000e+00 3.333333e-03
5.763747e+01 1.081873e+01 0.000000e+00 3.333333e-03
5.763747e+01 1.209153e+01 0.000000e+00 3.333333e-03
5.763747e+01 1.336432e+01 0.000000e+00 3.333333e-03
5.763747e+01 1.463711e+01 0.000000e+00 3.333333e-03
5.763747e+01 1.590990e+01 0.000000e+00 3.333333e-03
5.763747e+01 1.718269e+01 0.000000e+00 3.333333e-03
5.763747e+01 1.845549e+01 0.000000e+00 3.333333e-03
5.763747e+01 1.972828e+01 0.000000e+00 3.333333e-03
5.763747e+01 2.100107e+01 0.000000e+00 3.333333e-03
5.763747e+01 2.227386e+01 0.000000e+00 3.333333e-03
5.763747e+01 2.354666e+01 0.000000e+00 3.333333e-03
5.763747e+01 2.481945e+01 0.000000e+00 3.333333e-03
5.763747e+01 2.609224e+01 0.000000e+00 3.333333e-03
5.763747e+01 2.736503e+01 0.000000e+00 3.333333e-03
5.763747e+01 2.863782e+01 0.000000e+00 3.333333e-03
5.763747e+01 2.991062e+01 0.000000e+00 3.333333e-03
1 2
2 3
3 4
4 5
5 6
6 7
7 8
8 9
9 10
10 11
11 12
12 13
13 14
14 15
15 16
16 17
17 18
18 19
19 20
20 21
19 41
21 22
22 23
23 24
24 25
25 26
26 27
27 28
28 29
29 30
30 31
31 32
32 33
33 34
34 35
35 36
36 37
37 38
38 39
39 40
41 42
42 43
43 44
44 45
45 46
46 47
47 48
48 49
49 50
50 51
51 52
52 53
53 54
54 55
55 56
56 57
57 58
58 59
59 60
61 62
62 63
63 64
64 65
65 66
66 67
67 68
68 69
69 70
70 71
71 72
72 73
73 74
74 75
75 76
76 77
77 78
78 79
79 80
80 81
81 82
82 83
83 84
84 85
85 86
86 87
87 88
88 89
89 90
90 91
91 92
92 93
93 37
56 61
